name: Dirk
latitude: 52.166602
longitude: 4.709171
radius: 50
icon: mdi:cart