name: HHS
latitude: 52.067006
longitude: 4.323750
radius: 200
icon: mdi:school